A -> 192.0.3.88/24
IP: 11000000.00000000.00000011.01011000
Subnet: 11111111.11111111.11111111.00000000

B-> 192.0.3.94/28
IP: 11000000.00000000.00000011.01011110
Subnet: 11111111.11111111.11111111.11110000

C-> 192.0.3.200/28
IP: 11000000.00000000.00000011.11001000
Subnet: 11111111.11111111.11111111.11110000

